100
161 447 804 793 35 319 493 357 492 98 924 92 94 377 797 23 539 426 741 132 921 389 151 533 80 941 847 266 397 645 936 288 435 341 640 668 187 527 438 2 467 768 388 73 199 10 758 812 466 296 71 874 204 2 681 180 518 257 737 985 906 876 64 771 580 555 605 373 747 810 190 930 120 602 310 199 214 793 256 225 181 368 572 148 516 823 621 456 954 305 699 367 797 890 409 691 320 888 912 755
964 917 7 301 725 146 595 493 921 375 78 824 490 989 152 901 983 933 168 53 396 182 77 120 437 35 938 394 407 598 297 691 855 475 165 615 443 797 582 115 628 450 194 410 790 651 620 890 547 14 791 711 404 172 901 182 520 274 14 348 646 715 135 615 713 199 532 257 433 53 326 276 529 584 988 835 804 359 689 809 826 487 640 246 386 565 40 968 933 135 337 295 54 716 623 849 480 14 919 51
70 923 450 596 896 198 382 173 133 278 195 121 990 571 464 452 250 900 739 948 408 85 939 395 538 62 303 282 338 108 485 314 976 1 891 488 717 623 189 426 100 231 206 345 55 758 14 385 792 636 444 586 479 144 577 348 992 641 547 173 479 366 122 15 802 165 210 633 100 760 659 730 808 250 951 862 758 185 48 66 240 235 769 928 271 981 567 676 93 969 334 939 723 978 13 927 894 131 100 185
635 421 157 778 477 704 128 875 675 669 755 618 785 586 183 365 428 131 826 361 530 185 667 748 836 428 287 734 700 486 665 526 942 816 673 654 197 919 882 738 272 676 484 85 675 133 759 480 979 201 32 881 323 354 190 980 533 975 297 141 400 430 518 81 580 176 692 597 986 101 391 647 929 911 727 558 555 489 526 713 274 616 548 859 252 968 996 191 67 836 596 752 726 32 894 442 96 268 509 975
178 660 140 369 109 676 51 486 851 42 363 47 941 940 460 263 891 680 365 788 162 834 466 105 309 356 376 42 635 734 259 124 41 627 125 562 683 154 971 785 229 836 471 818 918 865 285 698 944 486 736 928 147 391 568 666 234 31 424 335 667 57 132 961 362 425 68 599 590 790 680 200 712 609 961 926 152 529 638 703 373 873 699 371 905 293 832 280 365 399 508 882 93 930 879 170 938 206 48 706
800 968 364 90 986 487 602 846 912 444 288 272 744 776 215 10 889 186 973 210 753 155 669 345 786 620 708 174 173 189 88 266 344 770 639 899 4 549 370 312 487 231 682 5 947 390 996 77 503 556 277 190 830 745 871 264 124 378 124 525 829 1 716 435 270 888 455 183 712 430 697 424 57 841 18 951 745 372 28 100 171 842 99 270 700 663 79 828 234 275 461 655 406 377 260 665 338 867 275 621
75 332 901 638 414 598 945 884 220 982 619 553 333 337 381 375 832 123 36 112 914 545 430 512 382 631 513 439 957 688 724 598 253 656 588 461 605 857 855 809 557 932 12 352 548 733 648 939 347 744 107 221 940 519 236 750 78 210 941 914 104 79 272 960 960 736 653 203 368 155 207 257 569 184 438 336 536 376 972 755 23 430 243 354 963 560 443 431 331 223 209 975 197 340 626 369 776 891 136 300
461 621 396 363 324 757 793 504 89 131 383 624 950 437 169 523 483 457 219 167 547 181 545 734 372 230 515 95 593 613 147 922 359 892 509 104 546 497 815 673 479 112 290 488 946 32 896 263 708 802 519 317 379 220 93 246 857 611 788 616 960 831 891 938 313 562 283 840 707 749 612 296 287 876 177 701 62 243 476 167 373 890 665 365 730 765 460 101 892 206 658 440 428 506 533 451 579 420 215 111
939 911 60 826 412 257 717 300 833 377 649 237 553 597 929 444 355 932 283 311 145 293 219 923 603 767 361 666 610 655 287 896 734 544 598 993 475 658 34 850 849 930 713 370 26 679 485 795 516 605 360 971 805 752 930 32 855 758 521 91 49 249 448 208 642 925 664 881 836 223 494 302 90 486 15 870 436 348 39 11 590 154 663 205 248 696 286 962 779 115 630 511 45 922 971 667 554 118 227 225
321 800 683 778 848 435 211 435 213 473 594 354 791 632 972 817 544 554 200 640 720 540 758 0 667 267 302 151 97 969 915 242 550 92 106 591 262 266 109 768 610 596 267 365 962 771 745 305 486 929 215 858 415 545 382 452 913 3 140 489 186 332 213 70 365 555 0 772 772 52 197 444 189 776 99 648 644 196 208 405 89 91 192 259 97 900 190 468 208 244 824 312 819 982 157 744 700 85 741 94
703 681 343 488 44 389 279 464 767 935 961 620 460 893 61 296 298 81 76 141 547 891 407 947 948 895 192 726 514 899 829 556 787 420 926 552 537 702 877 607 515 545 109 415 359 23 150 461 866 237 716 904 371 988 209 368 932 495 931 135 978 84 671 515 488 872 483 806 603 42 296 565 247 582 309 390 300 572 733 539 365 971 681 49 727 883 594 202 174 630 98 176 302 235 181 943 969 691 258 482
469 341 624 481 431 752 708 600 952 614 667 571 118 814 512 840 146 667 632 751 996 766 964 842 912 822 590 584 869 685 803 975 540 275 2 198 388 544 721 523 28 965 970 955 733 65 475 435 528 956 880 234 929 661 896 588 565 429 658 858 10 243 929 56 5 438 266 642 64 710 994 889 414 498 803 793 134 881 643 190 134 536 872 804 215 729 775 754 786 925 217 642 994 472 7 363 364 377 961 356
225 959 107 986 486 145 615 604 648 825 952 215 626 341 134 976 601 121 210 459 317 796 208 813 42 3 745 712 799 67 43 660 266 60 687 69 277 37 124 282 618 120 129 899 980 708 464 482 944 640 305 369 996 470 536 281 442 502 155 158 478 395 261 867 825 505 263 625 184 302 970 959 41 875 683 484 162 900 410 662 337 861 19 894 178 712 41 672 668 886 650 348 856 179 689 429 0 881 816 939
918 828 191 709 163 329 509 492 510 782 889 108 159 553 196 723 929 903 447 99 794 75 575 982 70 894 185 895 891 591 835 103 47 637 264 799 334 249 497 577 675 740 376 654 18 450 815 796 531 516 916 699 605 919 353 15 350 728 917 777 980 24 667 422 591 458 674 564 574 144 18 191 897 839 132 606 211 595 182 24 569 864 310 671 531 289 943 460 622 540 426 17 844 908 904 938 293 969 57 486
640 100 783 404 451 311 326 174 426 813 908 812 680 697 148 278 843 579 701 979 651 152 760 308 625 357 877 897 524 213 760 24 184 782 499 4 47 819 644 160 373 104 774 890 981 955 940 551 406 262 823 132 481 550 982 127 769 551 235 649 705 564 571 408 709 694 957 303 28 508 558 80 978 245 894 753 883 792 394 883 869 183 320 918 599 305 958 934 253 799 65 605 55 173 21 315 744 295 107 709
953 80 906 433 805 653 510 536 726 977 739 110 618 954 617 881 73 120 441 304 854 804 394 982 498 547 944 103 51 388 535 771 980 766 218 884 662 213 798 508 685 261 462 311 566 727 82 14 718 533 186 675 244 441 329 241 875 625 562 881 397 506 853 699 847 661 222 402 882 322 869 532 74 588 1 254 831 852 740 680 56 568 309 970 167 733 810 199 261 584 59 379 515 191 332 602 600 567 791 181
17 568 109 120 687 291 748 776 669 874 587 828 63 663 645 51 293 273 145 770 967 748 498 836 840 11 17 221 826 90 493 72 505 338 329 715 657 653 182 978 959 580 4 66 363 645 952 328 715 240 58 279 584 112 794 431 405 150 564 742 172 702 71 783 721 315 304 949 828 570 681 24 62 560 302 335 754 436 753 872 600 414 786 370 108 795 134 247 845 810 297 744 384 933 801 990 212 523 275 249
370 240 551 668 127 967 861 130 990 546 585 173 295 812 546 274 589 909 676 828 362 57 260 225 920 6 340 910 635 143 145 675 600 676 274 561 972 918 220 996 323 185 949 675 848 570 681 902 414 377 438 976 353 12 962 530 312 606 453 256 156 918 25 907 511 172 482 111 652 242 627 219 757 783 196 174 174 130 319 40 729 503 215 381 184 822 930 130 779 220 95 876 906 338 143 641 831 755 579 935
600 708 54 859 300 844 459 161 636 413 552 535 110 874 575 603 865 530 559 19 955 387 279 135 906 347 225 609 381 683 955 27 825 266 923 885 689 655 308 345 908 129 771 111 197 831 627 357 83 679 834 31 651 721 674 259 300 642 992 606 379 308 745 764 153 139 185 920 837 801 994 602 195 547 602 284 467 132 686 201 623 827 570 280 8 27 139 561 654 757 544 892 398 962 584 811 326 117 997 40
601 648 827 890 754 41 839 297 603 198 636 48 171 862 124 335 476 772 467 22 917 475 885 442 670 382 94 824 229 43 116 409 161 635 167 497 962 432 578 569 490 561 778 423 998 582 1 573 518 897 486 608 330 755 931 177 84 835 563 771 129 161 340 638 570 73 76 58 928 718 868 561 627 178 954 345 867 25 870 311 468 172 162 761 50 167 638 312 395 578 756 825 506 37 495 760 818 519 964 886
508 969 192 603 175 40 249 755 21 533 145 483 943 184 967 415 267 380 819 821 76 855 736 835 898 154 608 417 325 261 141 286 874 994 471 837 307 929 93 455 309 412 158 175 187 269 104 163 579 102 284 329 938 410 120 269 387 424 101 182 700 62 239 897 659 404 305 665 592 418 912 264 109 64 851 955 644 848 234 230 14 809 620 795 438 163 778 976 62 739 934 399 481 444 201 376 554 743 779 461
916 329 61 556 507 953 327 862 652 203 122 344 533 111 0 980 41 821 234 347 979 374 939 492 272 574 885 115 363 873 94 383 984 412 430 343 279 537 612 510 203 547 806 908 374 745 224 615 4 527 322 481 332 944 879 793 485 523 668 933 733 768 211 123 568 19 398 749 174 646 267 179 204 609 718 945 494 12 917 193 656 948 520 497 512 315 496 152 637 622 875 248 994 819 502 483 541 531 950 839
325 925 490 177 535 598 852 214 139 72 132 323 454 777 600 305 415 444 973 562 991 766 328 154 683 438 973 382 443 159 452 130 450 961 728 699 19 312 115 948 67 884 391 280 109 465 546 344 628 378 456 383 117 316 809 329 83 995 317 550 576 601 554 763 269 701 905 971 523 395 957 838 24 740 777 653 500 353 438 718 262 691 184 273 608 220 93 269 373 294 493 297 592 415 180 290 238 575 681 184
484 943 746 697 806 753 957 970 770 612 646 295 761 759 576 447 24 68 845 928 709 150 198 553 309 665 474 610 669 120 402 434 335 69 464 286 176 878 538 125 97 297 145 293 816 506 199 249 444 461 727 693 294 378 455 514 370 230 411 324 576 87 354 655 681 113 19 365 798 799 383 459 757 612 831 383 717 712 706 467 166 792 674 653 660 335 795 471 974 275 143 984 593 564 64 211 25 550 999 964
427 791 796 924 97 194 341 670 149 926 713 327 347 267 891 845 11 680 607 635 629 28 239 893 326 942 710 737 926 470 978 930 883 432 738 631 148 605 598 290 329 870 27 656 856 776 720 928 935 52 153 515 440 757 600 679 534 460 128 307 51 178 580 177 23 435 839 5 772 943 332 147 884 588 953 248 820 213 262 92 231 818 494 296 497 133 296 857 930 287 975 276 812 1 190 782 758 939 164 497
116 15 823 52 551 938 214 0 792 21 4 424 464 405 429 29 102 890 576 40 773 880 309 197 851 746 543 419 794 53 403 76 951 405 415 285 2 377 755 898 577 793 249 665 962 140 547 27 408 293 767 100 801 335 676 353 854 666 379 385 684 397 103 611 371 887 94 702 663 937 737 240 546 791 397 229 536 155 287 358 773 591 280 496 391 766 77 601 315 194 873 289 75 896 321 833 281 63 897 53
314 16 591 644 122 393 887 321 654 608 851 844 105 177 625 720 913 112 575 439 712 94 412 347 802 102 564 500 889 552 345 668 900 996 35 524 330 912 994 503 273 620 935 750 266 541 29 998 428 495 89 485 195 913 711 208 470 892 648 230 468 366 634 616 861 20 168 965 242 575 563 346 450 381 465 184 606 203 376 578 934 709 83 350 419 630 478 603 132 715 569 306 69 686 870 827 819 307 326 997
569 270 184 629 992 320 524 579 751 861 267 239 156 171 883 456 561 760 208 468 131 853 24 875 232 259 473 981 229 922 295 94 442 265 10 583 801 675 899 148 820 180 937 700 620 416 712 982 167 967 59 896 751 308 485 234 517 782 158 766 19 879 191 21 709 454 139 650 645 307 391 811 428 48 515 169 649 623 447 453 662 804 540 293 30 171 349 287 262 357 352 243 813 890 476 67 874 860 755 504
958 798 667 101 325 99 262 615 599 565 488 975 941 392 550 810 363 915 135 547 795 215 538 833 701 929 869 208 774 964 352 464 388 29 49 905 800 989 813 139 64 187 916 741 523 554 747 235 173 958 141 163 400 600 37 483 455 746 605 193 110 611 822 44 328 576 42 669 647 785 138 510 35 796 488 488 856 282 282 320 813 713 711 308 912 845 949 400 471 196 104 962 483 203 952 195 664 885 940 95
673 700 676 220 425 818 437 516 686 485 539 450 846 624 242 749 495 958 423 286 918 106 917 893 437 823 662 34 853 790 508 287 81 975 344 299 578 366 956 916 495 883 165 929 780 49 137 667 999 339 299 399 437 909 674 536 289 709 698 133 386 258 258 237 76 980 576 820 893 738 816 830 468 563 415 901 829 785 676 823 418 188 178 546 493 369 77 183 291 793 612 440 638 791 35 532 371 774 407 508
464 672 234 121 884 29 573 492 641 341 432 374 393 859 853 491 469 612 845 905 435 70 765 608 769 968 855 360 819 533 647 179 630 400 924 204 527 944 158 851 775 673 622 22 232 50 804 533 651 695 598 248 668 564 207 343 999 940 848 926 737 883 658 423 750 763 660 850 481 114 186 374 80 497 705 59 18 641 599 207 624 156 35 681 432 338 562 157 667 734 175 746 762 238 243 509 956 478 396 501
104 940 500 443 136 235 926 11 366 993 338 303 276 366 660 989 642 748 87 749 788 367 920 944 121 94 649 506 643 595 107 716 55 271 668 262 42 338 572 932 567 383 522 980 710 497 798 514 817 827 845 126 696 313 184 926 329 518 676 985 927 569 27 152 583 126 656 787 222 828 623 548 930 608 401 339 473 595 28 874 591 682 928 34 732 794 151 877 26 848 907 758 675 51 219 267 787 61 839 270
764 628 15 217 242 261 799 547 250 312 469 816 70 66 876 73 569 868 330 350 986 983 747 157 54 533 610 580 25 808 880 343 598 576 398 654 358 358 152 844 118 548 444 56 907 557 190 560 417 531 473 135 349 720 821 341 592 292 188 931 898 661 692 942 923 496 944 537 720 781 297 533 600 103 643 739 476 328 153 505 171 856 23 843 634 240 100 803 520 694 684 433 12 751 881 520 935 920 934 143
73 581 862 160 902 8 126 35 569 909 153 304 991 663 483 552 264 518 968 15 667 417 783 583 531 250 19 106 7 124 783 629 358 132 429 305 166 840 223 945 724 706 833 795 881 576 448 834 125 109 428 878 210 146 697 648 45 202 526 947 254 509 95 854 555 526 346 63 874 641 428 922 160 358 272 696 969 590 324 802 87 947 585 352 546 973 486 217 431 66 994 257 103 732 323 191 553 286 150 379
351 144 252 916 542 751 276 596 733 503 992 370 209 220 473 833 938 258 752 744 758 190 623 741 772 227 721 575 391 350 91 269 144 276 548 329 978 983 664 773 857 299 890 214 622 449 266 638 553 532 725 265 692 494 63 959 482 975 545 639 316 656 624 1 722 737 693 639 862 868 803 277 921 413 292 779 895 155 231 519 169 460 682 816 735 767 93 775 990 426 93 15 227 106 95 843 960 127 873 891
460 820 160 306 670 479 789 711 713 440 139 701 173 283 557 218 573 4 718 894 724 484 283 461 569 491 625 266 209 210 22 469 639 825 30 237 934 918 488 238 378 617 16 130 238 875 808 207 908 819 588 617 63 976 289 138 366 741 426 898 443 255 43 270 23 526 262 101 105 578 319 648 818 613 837 928 139 293 637 562 367 896 457 664 246 590 265 787 727 183 262 647 964 610 795 142 949 33 753 10
904 710 160 632 317 656 651 122 983 845 471 43 14 123 316 920 208 512 317 487 45 491 937 688 182 816 619 263 443 891 47 849 875 615 943 484 940 820 480 409 169 631 102 124 506 513 496 768 236 237 111 637 532 561 276 533 690 691 565 253 674 784 388 142 840 235 140 310 626 68 306 631 573 325 934 795 354 835 273 304 662 445 945 481 180 271 354 959 967 796 688 145 526 954 607 470 761 777 107 474
599 660 396 580 726 937 920 381 571 324 738 307 339 673 851 107 472 540 104 710 896 542 722 955 344 25 86 631 984 728 563 818 795 488 125 520 522 460 54 142 174 251 984 82 571 522 965 933 177 806 425 562 23 386 615 78 592 100 287 468 265 119 114 675 503 357 480 957 515 16 126 370 305 96 413 227 289 703 962 535 558 999 906 420 267 880 175 708 35 43 259 807 367 65 771 296 660 597 622 47
585 637 250 959 152 171 977 903 690 230 163 212 310 18 324 345 663 335 21 232 301 921 413 337 87 260 553 605 922 141 583 339 260 257 950 23 844 427 920 68 49 790 373 144 492 234 801 352 445 405 314 650 70 882 496 469 736 529 563 769 245 615 330 401 223 215 922 761 364 619 982 53 306 55 881 987 636 793 459 915 515 731 606 381 539 708 995 752 430 616 709 894 696 866 559 474 229 962 794 824
469 423 191 186 447 513 336 228 381 605 35 659 783 969 504 644 986 75 193 399 878 199 691 730 290 548 742 119 407 906 392 624 867 241 233 741 141 957 913 417 144 704 663 706 668 987 14 331 918 107 609 992 954 446 630 578 256 39 704 646 977 216 638 387 937 483 153 81 751 232 908 318 96 11 480 178 229 317 192 733 641 486 514 826 705 481 865 257 91 799 91 55 772 902 205 102 550 34 437 616
317 465 94 837 234 390 446 829 619 438 541 920 813 517 865 13 927 417 58 781 741 283 564 470 269 227 700 473 889 583 684 641 569 740 143 524 19 950 977 369 980 760 929 296 568 633 604 693 677 258 430 333 581 371 683 505 917 140 204 159 104 235 634 695 252 658 977 757 998 792 128 475 557 630 901 679 368 135 756 399 499 785 681 107 506 432 878 985 983 981 284 322 592 412 779 861 166 213 563 829
730 53 929 582 322 101 7 429 142 270 503 384 764 223 900 396 758 721 130 463 575 220 241 219 390 444 187 710 68 300 913 962 761 752 185 91 678 225 934 724 194 10 145 88 871 826 338 154 45 707 72 231 335 327 347 607 964 763 454 262 879 174 156 304 342 236 511 202 832 101 302 947 34 136 235 983 934 886 391 433 798 722 410 85 318 902 296 75 238 733 681 89 333 189 673 187 594 382 502 90
795 534 769 775 537 783 760 130 528 70 335 422 724 879 827 192 721 757 193 22 118 531 523 230 484 524 841 554 697 14 606 79 210 92 971 618 648 544 239 774 61 20 824 108 200 80 537 281 493 420 138 869 182 995 696 496 728 583 395 60 809 540 362 967 818 891 693 835 10 534 436 637 651 480 982 560 191 37 838 802 9 344 478 206 994 172 614 99 636 580 259 742 700 28 43 424 961 19 478 701
554 2 135 171 947 771 859 110 877 238 739 739 66 205 357 901 284 511 395 940 722 862 877 217 149 346 987 113 293 338 111 585 495 301 496 314 694 82 665 776 543 336 603 845 761 716 364 818 463 972 443 663 485 764 207 727 756 460 6 589 829 493 978 302 825 627 601 553 983 379 967 416 138 125 245 759 630 508 505 732 77 950 18 881 590 905 582 756 23 958 285 65 562 554 552 394 329 324 871 70
740 427 285 281 364 451 899 653 584 242 264 483 98 83 224 474 650 561 979 804 845 502 580 571 764 942 87 105 196 267 179 298 807 408 752 870 218 397 758 196 661 882 513 560 608 582 493 547 45 731 29 720 200 456 145 542 169 971 310 676 86 645 358 966 554 361 222 975 859 699 265 254 394 170 889 548 963 427 430 168 852 439 542 692 877 324 500 205 654 344 396 836 538 937 75 45 887 961 787 805
523 661 73 389 495 249 328 666 409 322 959 753 505 256 232 586 231 667 631 802 55 828 789 886 365 973 318 740 513 374 242 553 543 887 53 710 170 372 793 730 722 825 841 819 518 192 657 487 258 558 32 321 634 460 963 69 756 639 832 221 253 677 517 826 355 817 270 110 580 150 605 39 833 83 22 518 299 941 556 371 66 962 213 98 428 25 156 266 981 597 790 234 141 913 714 311 706 719 679 552
562 460 861 124 629 434 111 278 991 684 723 852 483 466 982 916 435 98 278 114 888 332 40 320 765 997 651 78 456 645 941 312 403 175 706 539 567 760 70 43 375 878 281 798 669 101 803 502 367 861 837 859 831 667 153 196 263 605 850 522 948 355 719 610 572 148 211 562 627 312 609 468 360 558 437 485 820 596 120 318 795 929 474 946 494 643 867 163 163 108 942 797 444 256 754 377 734 591 927 136
445 434 256 393 47 882 361 459 394 903 437 332 727 500 910 132 301 502 170 408 21 198 196 127 186 585 28 887 2 13 673 321 725 879 512 697 906 698 998 592 861 106 174 200 797 543 415 251 627 62 270 455 145 148 863 621 367 241 762 385 381 389 3 738 568 334 380 979 195 676 59 274 982 859 99 462 221 786 327 306 959 862 606 407 652 675 135 264 604 151 155 883 504 486 493 230 900 657 279 63
610 62 342 687 476 313 633 388 596 627 541 555 788 169 921 477 740 142 3 496 4 135 921 654 279 406 276 20 655 650 525 310 778 477 124 742 497 484 410 363 444 279 616 336 229 680 721 255 308 902 854 856 204 244 608 184 68 911 535 380 234 969 487 296 953 62 647 622 604 92 354 346 297 484 513 878 973 219 997 859 709 97 762 997 152 996 641 268 597 285 447 274 851 420 987 322 948 860 60 133
443 60 671 682 411 9 598 637 846 686 187 508 948 906 56 764 174 787 470 995 409 698 453 302 955 615 402 193 484 561 986 346 37 141 792 619 653 850 665 467 251 837 170 300 756 213 524 265 809 554 448 796 783 230 686 318 250 379 307 19 59 360 249 910 0 34 428 600 622 461 636 556 237 736 989 413 739 8 881 667 786 696 618 20 992 90 358 243 90 769 552 323 110 743 819 745 853 91 983 227
324 305 599 299 226 873 861 413 57 897 176 293 248 289 257 261 347 612 964 429 78 470 263 516 390 70 6 604 165 31 646 458 560 56 880 936 17 253 382 843 782 599 440 748 443 931 738 531 341 427 771 866 139 158 681 858 189 68 566 431 460 758 605 673 920 884 297 495 989 704 483 2 216 248 953 794 308 722 741 803 256 307 317 11 707 750 197 526 392 982 311 95 603 113 563 270 119 343 584 935
535 464 648 223 372 476 779 300 856 463 414 99 330 496 918 493 410 757 454 603 264 318 137 821 786 455 343 463 491 712 983 314 377 943 390 601 586 831 405 297 173 256 726 295 415 862 99 827 436 223 405 476 814 490 130 427 973 474 85 592 200 543 432 916 932 80 563 138 534 342 847 984 890 347 134 82 237 820 174 673 578 888 23 449 149 598 78 72 920 683 992 412 839 351 101 291 686 591 306 470
710 229 149 851 158 541 824 166 837 48 644 135 844 740 636 737 52 691 370 201 903 740 290 430 815 907 767 67 980 964 872 733 482 492 395 969 487 54 856 43 329 375 160 910 825 509 961 436 743 819 891 341 497 673 860 265 179 266 382 71 702 929 233 450 792 341 152 817 458 504 579 30 539 316 251 447 796 389 908 693 516 228 927 550 738 78 555 698 390 865 623 742 377 215 530 399 151 349 372 424
44 633 834 828 680 551 105 247 654 376 117 371 262 342 887 601 499 950 778 419 24 151 563 831 527 500 435 908 791 557 494 382 700 819 77 323 221 315 778 32 823 725 70 376 645 156 974 951 448 777 304 392 789 675 116 764 788 309 135 605 269 800 499 583 16 696 95 689 953 66 950 577 159 34 720 821 332 241 760 87 396 43 732 814 133 886 214 809 871 148 527 726 139 779 970 562 926 929 63 760
475 564 540 907 10 120 719 562 330 237 956 37 771 827 850 866 21 207 292 275 136 849 685 506 903 761 385 776 488 477 101 359 934 807 999 716 409 399 268 379 51 954 822 881 360 598 125 578 779 147 48 956 510 642 712 216 600 500 698 641 993 478 462 754 683 515 567 650 401 602 290 387 796 33 527 472 104 853 454 35 382 86 68 591 938 580 248 579 771 95 751 936 990 30 861 157 877 432 430 825
974 772 402 185 892 434 979 577 537 497 142 447 416 641 409 785 219 30 521 639 763 939 410 930 104 226 722 644 83 917 176 320 360 824 590 747 300 274 930 888 353 952 190 51 540 717 357 434 803 113 753 81 14 845 370 951 846 301 650 858 106 357 963 245 386 221 35 366 154 686 564 130 588 755 58 174 65 396 124 577 904 195 40 445 844 792 527 416 982 727 610 101 557 731 316 55 127 536 605 261
947 396 922 930 123 968 991 292 606 960 515 952 257 165 190 86 794 773 782 181 869 291 993 626 813 188 902 247 527 110 735 343 713 360 0 705 835 712 968 117 588 604 60 24 835 707 119 134 545 551 5 295 876 956 865 324 44 725 812 73 614 124 261 442 997 655 204 977 197 361 972 428 300 859 655 22 595 382 813 390 827 246 109 383 604 69 22 640 976 215 275 709 950 877 341 694 22 912 158 799
86 951 205 792 922 449 557 919 598 586 258 499 182 38 51 44 220 159 438 807 421 183 527 541 90 852 904 416 28 105 569 469 905 851 158 228 364 719 108 659 922 150 505 32 392 665 522 469 735 370 406 327 725 78 601 671 949 291 705 889 402 611 684 705 469 364 223 454 194 675 9 108 643 962 801 514 264 718 658 875 387 175 733 534 534 885 616 150 378 78 748 757 867 920 289 758 296 228 6 527
581 463 425 56 411 669 364 889 519 830 5 114 673 5 230 447 585 948 254 420 482 693 889 574 211 435 397 770 332 244 373 894 320 394 507 677 997 173 33 698 872 625 723 626 436 725 488 163 41 14 667 626 188 750 515 547 342 727 925 269 641 613 33 115 290 204 371 147 922 991 691 259 638 904 752 804 594 535 151 938 990 810 19 781 332 982 475 860 954 878 665 737 117 192 971 746 726 244 903 833
978 514 32 790 480 581 335 156 568 7 175 324 530 787 943 741 701 967 401 799 106 188 650 698 498 112 747 110 300 563 61 620 400 99 163 730 636 284 251 947 750 889 896 496 923 220 333 637 677 824 321 119 406 413 255 630 329 951 9 867 483 717 464 295 431 720 594 79 706 647 624 830 191 241 273 78 957 740 112 74 67 296 65 306 655 439 931 653 339 336 252 20 898 87 507 206 338 566 983 24
526 484 651 266 81 851 869 998 520 46 293 179 782 640 348 168 672 9 913 162 458 920 723 871 434 20 485 900 567 407 432 25 414 225 611 280 475 948 9 195 865 688 10 334 115 703 387 283 947 261 460 489 578 446 809 841 289 134 15 613 687 898 299 26 861 819 477 22 308 418 215 252 98 834 961 481 231 135 36 898 636 284 948 132 531 471 801 892 10 54 262 189 625 56 933 113 948 182 446 679
798 520 63 352 73 768 827 658 302 992 870 492 296 713 609 248 864 581 13 619 559 907 629 416 625 839 108 893 326 38 481 999 862 160 700 991 456 106 939 544 787 414 182 544 587 40 969 434 499 89 231 975 683 442 502 637 109 469 433 562 31 453 348 131 336 561 97 620 901 819 165 539 26 191 956 473 474 992 210 647 847 350 405 583 235 587 32 116 804 669 131 969 155 173 639 961 821 136 453 868
547 309 325 119 966 94 885 532 492 90 403 902 737 723 723 285 835 496 237 271 787 35 329 806 937 427 949 527 986 22 69 782 971 70 936 185 266 347 261 977 601 781 286 387 196 129 81 692 60 985 495 98 945 742 460 752 187 217 397 842 297 897 570 945 189 997 30 69 220 785 499 731 836 949 553 567 465 327 567 352 977 354 855 538 106 376 680 364 4 348 211 765 297 974 688 229 217 877 998 789
424 417 454 719 42 775 589 466 896 289 676 571 854 187 212 213 21 372 401 548 691 30 727 964 470 659 319 170 680 588 53 623 704 860 52 232 24 628 883 953 828 371 996 450 609 217 371 271 669 467 995 716 499 596 25 227 633 24 486 620 934 595 213 577 896 206 536 353 818 940 668 711 747 900 907 434 474 360 727 269 774 889 498 435 127 550 945 655 183 230 789 329 7 986 125 878 301 962 530 332
191 318 28 632 780 310 87 671 430 253 36 352 796 563 845 922 256 597 254 297 641 309 497 236 291 334 246 899 151 479 185 173 978 671 761 392 180 115 801 382 597 632 218 347 734 985 802 343 377 487 449 851 399 604 468 502 644 365 113 139 925 568 743 50 345 601 54 985 527 425 178 316 515 65 554 96 283 427 654 428 917 49 484 572 627 372 893 477 369 816 260 309 32 814 504 456 133 360 420 395
362 743 806 331 926 144 34 882 56 50 38 121 838 677 766 319 36 414 753 118 161 73 640 699 791 457 308 131 213 896 215 409 95 123 643 263 781 719 48 597 419 280 727 135 621 845 696 453 559 588 428 575 772 861 358 521 959 365 491 837 952 820 288 959 556 163 59 744 952 813 353 481 323 75 607 751 141 564 519 678 888 872 434 36 754 322 675 733 888 49 724 495 201 345 173 692 189 14 806 101
950 741 391 423 612 351 329 538 631 979 735 129 624 753 674 825 236 737 937 765 723 386 788 781 72 896 250 870 29 674 131 343 188 38 738 678 209 68 453 610 321 44 554 717 307 621 36 667 941 241 730 242 317 705 867 265 939 161 421 294 981 715 975 870 736 148 503 383 533 800 531 362 285 159 480 891 613 660 537 960 399 992 54 81 403 58 472 560 585 221 425 318 265 294 817 186 816 464 914 801
30 764 144 309 786 385 800 547 350 225 268 578 725 706 720 292 462 75 799 917 229 36 803 264 779 749 249 78 968 856 211 675 81 431 383 437 457 744 150 720 1 297 392 804 248 363 237 51 50 453 366 100 764 762 638 370 312 717 847 669 324 4 791 341 762 195 935 148 152 933 28 27 32 911 927 806 940 908 137 867 410 880 215 104 735 626 20 407 386 584 753 792 302 255 74 313 278 996 236 676
311 164 485 163 692 342 658 922 826 281 257 842 565 187 517 193 58 102 952 766 651 396 651 61 482 178 875 477 664 75 559 509 259 922 141 680 719 843 654 532 345 367 211 755 485 315 240 842 658 104 714 243 611 191 972 113 619 277 410 31 57 205 642 156 700 245 913 320 741 654 818 373 136 669 679 964 487 212 733 999 369 260 912 707 493 285 153 81 304 613 30 608 727 329 581 66 869 905 100 370
584 403 299 42 910 316 196 639 833 766 821 504 305 759 736 153 768 376 290 605 683 253 535 996 905 624 90 689 61 320 267 711 354 808 100 559 811 688 933 391 479 484 851 726 158 222 762 92 354 108 382 885 778 439 982 29 315 908 602 977 901 41 141 213 284 881 653 731 865 426 622 221 981 414 5 959 436 633 456 333 783 373 740 418 401 864 825 615 221 529 451 145 746 903 8 474 617 421 246 845
665 115 739 704 782 69 358 55 834 537 681 284 820 793 760 888 699 212 137 319 851 724 582 949 578 965 975 530 485 261 112 173 94 463 550 693 823 700 536 327 425 826 271 192 130 631 517 944 542 239 858 522 884 162 28 407 349 432 820 34 469 839 386 332 240 499 866 924 832 557 995 858 605 582 147 607 45 498 652 357 563 479 134 993 295 300 487 93 168 209 725 350 642 40 893 809 623 458 484 929
651 888 672 137 262 58 971 414 193 156 146 112 63 283 233 133 546 876 37 184 250 37 791 61 654 78 978 533 826 959 689 921 842 536 924 817 750 208 458 625 474 566 473 50 875 691 545 406 329 777 397 681 744 568 969 377 380 585 935 161 999 42 748 654 570 632 346 615 512 801 321 541 404 749 756 109 11 419 131 645 157 473 844 396 739 570 981 836 490 160 736 798 872 306 561 194 818 644 655 382
55 502 821 637 392 450 182 401 89 192 101 180 26 857 978 924 747 192 731 261 608 969 772 763 8 869 205 159 316 628 832 505 987 319 331 358 203 461 360 732 919 880 382 167 180 571 478 402 791 959 751 786 587 981 656 99 882 738 989 309 126 213 69 877 281 739 221 170 176 538 356 984 787 131 615 874 721 665 664 55 102 505 229 880 595 5 163 504 32 412 224 22 638 569 56 285 850 403 881 583
577 106 703 200 241 78 93 842 713 339 231 573 957 335 229 622 144 535 394 123 385 931 568 616 209 864 338 623 773 182 106 393 750 576 106 216 31 660 491 322 75 45 261 248 398 569 412 109 72 811 865 184 5 54 434 141 753 710 247 806 144 534 628 628 96 562 395 644 432 84 179 795 374 953 992 928 404 823 862 648 916 160 176 255 988 334 16 445 491 412 135 22 287 421 980 320 200 936 388 730
464 885 486 59 311 167 989 15 124 850 368 586 328 258 493 150 378 342 387 246 647 223 591 33 304 675 851 415 836 969 855 612 643 602 297 795 670 928 381 607 178 549 518 290 351 362 320 372 978 976 543 585 463 627 683 173 437 194 115 545 77 205 922 933 168 855 914 872 613 425 764 94 167 859 365 244 180 604 662 522 335 879 186 455 213 701 245 964 387 949 57 737 761 215 950 323 734 528 764 708
746 952 586 89 872 998 507 155 853 977 405 780 633 36 424 523 617 793 153 234 572 817 476 520 779 570 466 965 54 644 252 310 460 685 66 249 173 179 735 973 462 712 897 716 717 382 740 461 911 955 75 679 59 959 970 40 434 479 907 10 800 412 157 210 229 848 306 95 906 355 598 264 397 901 299 52 934 535 321 88 603 533 314 712 683 225 148 105 803 500 753 552 614 676 403 688 106 935 523 285
448 888 581 962 733 110 984 341 953 826 743 186 767 249 336 158 637 571 40 779 493 106 619 863 66 522 61 664 446 951 329 269 180 797 895 727 558 522 344 689 355 533 257 751 209 268 477 110 831 591 61 160 586 62 230 640 533 825 975 889 29 814 267 128 596 220 291 746 181 885 119 693 908 377 464 813 846 704 339 583 322 786 41 402 0 848 789 774 853 660 750 336 38 899 61 167 78 113 921 215
664 212 442 501 726 484 979 891 737 184 18 726 804 984 404 951 284 306 159 767 463 680 872 378 851 219 563 246 192 729 260 63 471 594 41 361 195 638 535 915 689 964 857 79 740 44 267 89 14 459 6 196 40 472 450 756 605 6 73 429 346 610 841 567 424 514 741 484 656 875 126 900 577 475 61 347 148 796 16 560 289 825 357 184 5 678 411 124 555 606 941 21 717 659 450 991 595 901 92 268
34 798 235 526 62 726 632 411 271 396 422 956 138 640 767 369 261 18 220 994 58 680 97 764 775 28 358 860 951 101 377 19 958 702 862 987 744 83 902 816 119 35 290 431 704 24 269 799 963 236 34 143 349 96 766 195 168 216 556 990 21 882 667 307 673 872 760 547 265 135 810 869 111 330 561 283 301 714 849 516 880 165 8 809 713 398 640 423 914 265 243 844 807 978 976 433 777 938 971 299
170 862 528 973 106 431 989 113 408 942 298 794 589 563 592 3 332 27 230 330 264 414 422 397 394 895 667 745 799 295 776 122 828 746 169 265 148 647 237 934 949 320 767 923 388 394 773 816 260 575 538 460 444 319 308 154 537 862 125 190 835 207 543 981 25 541 982 519 777 179 662 437 741 21 169 959 413 587 658 161 225 217 825 380 696 200 258 212 909 180 288 555 992 823 344 420 158 934 351 645
129 663 836 236 714 692 500 762 80 468 416 385 801 718 652 286 885 306 384 204 896 107 252 360 35 790 906 587 31 125 754 756 142 747 869 803 221 146 670 756 785 584 923 822 944 492 21 926 410 34 822 643 898 79 150 143 545 921 581 871 9 270 75 100 717 18 329 728 562 980 840 596 888 614 763 166 169 503 870 586 926 615 644 509 446 864 84 88 68 287 696 733 999 191 935 572 757 902 801 401
511 181 162 934 978 503 789 281 961 900 758 652 371 722 372 57 419 155 404 171 988 67 547 910 682 237 576 132 631 603 9 353 390 20 759 326 354 798 207 695 1 297 549 585 33 573 156 85 896 99 322 957 422 724 105 581 323 75 862 805 838 335 982 650 914 260 83 516 125 71 412 30 828 662 70 579 287 333 996 326 272 35 982 828 813 870 869 860 518 110 440 550 221 488 203 352 148 472 211 965
715 148 65 176 716 171 830 589 443 768 338 748 233 845 832 334 559 330 826 844 401 617 298 586 672 767 867 680 403 164 468 878 55 757 12 899 93 95 459 363 512 377 365 290 254 508 714 780 375 306 227 286 447 325 914 49 593 118 449 805 16 343 37 792 21 32 155 173 150 625 472 999 757 666 638 291 325 374 428 636 363 443 562 824 462 119 217 458 583 221 92 481 194 387 304 833 403 538 22 168
84 855 824 974 220 691 550 924 576 979 224 755 219 519 346 434 957 138 88 312 141 635 625 155 61 147 80 221 752 783 129 22 47 818 198 718 603 964 963 573 216 683 729 277 3 501 252 260 178 119 551 930 708 747 728 319 570 521 300 823 107 323 90 645 818 473 868 550 488 872 998 25 580 241 708 400 708 875 964 611 228 766 88 521 947 877 939 221 267 313 351 223 499 811 568 781 359 677 907 492
881 310 333 113 605 104 629 347 354 250 918 565 68 875 185 786 288 304 905 82 269 796 597 585 224 864 917 575 256 864 962 574 303 133 760 228 315 289 116 574 578 720 466 553 33 853 64 597 936 123 62 256 909 571 495 687 539 829 307 704 51 381 771 276 383 926 586 848 886 600 256 213 993 340 626 410 832 917 404 988 619 313 531 326 578 577 145 571 427 252 115 603 172 697 195 935 227 448 810 148
109 335 656 447 275 896 13 432 951 209 129 772 113 172 402 376 62 947 32 812 675 860 770 626 299 249 634 500 690 274 655 842 902 31 541 809 244 377 168 378 86 849 607 635 211 350 215 392 409 42 204 796 64 362 883 856 875 961 534 803 275 585 794 489 178 787 354 5 913 733 9 906 625 726 751 670 15 892 613 566 894 374 363 843 407 890 876 135 343 10 426 680 354 646 998 791 431 65 781 582
960 436 588 514 775 511 595 398 349 599 299 845 429 221 400 690 659 55 323 113 796 531 212 806 694 414 653 115 299 625 757 775 415 319 10 809 332 361 77 215 692 243 978 749 7 496 373 94 242 874 460 44 242 701 578 213 389 235 244 70 711 345 53 586 966 589 600 962 578 987 9 289 791 473 845 882 487 71 71 437 550 912 563 340 546 872 713 647 428 924 501 670 254 422 224 573 464 336 693 891
434 582 563 226 627 392 713 506 17 972 271 581 327 360 666 210 2 26 649 850 91 362 538 61 892 953 233 209 684 731 954 989 58 375 369 665 374 803 213 383 225 262 747 199 896 645 743 806 630 282 210 801 590 264 851 692 711 668 344 383 329 498 172 486 699 487 299 690 729 242 914 602 812 793 64 983 743 579 360 109 405 357 168 116 883 750 606 827 339 705 883 605 576 80 474 315 518 368 812 505
571 594 102 396 305 477 994 179 213 755 626 639 339 152 742 122 172 745 849 822 63 55 870 844 97 759 281 28 642 215 495 171 615 105 706 360 435 36 895 701 492 485 541 911 435 928 134 363 28 154 422 270 805 824 629 984 606 505 802 827 60 517 748 112 393 196 765 890 788 549 302 186 247 2 234 557 866 616 59 981 802 213 948 5 222 720 707 740 808 447 382 253 349 567 929 231 143 242 758 435
85 908 39 344 695 918 457 644 538 725 758 5 562 718 485 933 62 844 513 153 416 707 822 167 431 173 82 626 588 225 356 182 119 237 497 246 155 281 96 143 334 662 970 228 993 361 572 659 358 887 422 130 302 267 118 22 797 410 746 706 34 73 442 441 961 840 963 981 443 184 383 202 318 322 958 463 630 268 535 557 606 794 60 721 143 841 898 348 326 541 355 796 543 308 408 173 692 351 977 167
711 302 950 6 154 142 412 828 721 773 785 13 408 540 861 699 888 880 275 867 766 250 568 204 270 821 894 461 793 887 593 202 966 823 71 220 90 4 391 631 876 621 376 464 226 206 365 382 20 584 476 598 887 857 985 190 643 806 851 781 511 604 239 779 219 996 919 336 627 767 640 332 735 895 182 401 691 387 433 288 338 41 854 335 791 760 649 332 320 437 696 86 24 16 912 89 513 861 595 204
837 773 69 966 864 790 811 249 101 851 507 298 338 364 977 699 191 873 810 659 381 592 513 498 256 490 223 211 907 312 410 555 553 666 923 349 266 349 883 325 704 933 602 626 906 383 983 623 439 293 281 355 128 145 933 327 891 68 631 544 129 984 10 591 660 498 235 812 235 322 757 609 266 47 936 446 533 87 772 252 436 955 757 844 709 903 387 217 538 922 97 110 221 662 984 374 93 395 130 122
986 307 156 399 609 774 103 899 205 83 743 670 214 185 778 894 675 765 344 86 853 861 734 195 809 288 938 767 306 625 452 36 361 313 979 633 466 224 275 433 201 88 627 972 865 741 849 817 411 727 270 762 742 900 646 887 395 363 230 845 104 663 448 117 125 564 589 685 344 948 176 358 325 370 704 782 741 892 897 718 33 604 674 383 936 757 59 794 417 869 832 129 48 667 169 105 864 688 651 767
796 576 930 116 58 550 185 357 904 968 760 654 643 109 920 611 129 537 740 325 234 324 993 933 430 773 530 582 102 957 614 497 502 901 338 571 9 451 132 433 477 594 399 584 209 768 693 353 110 434 326 657 289 32 541 544 127 878 310 496 298 785 734 760 389 57 898 645 317 133 687 604 843 480 393 339 560 658 876 41 542 206 856 556 860 588 181 399 784 481 936 829 940 543 945 580 340 50 782 689
53 298 453 769 896 919 696 296 640 351 201 475 560 492 659 183 956 827 780 736 318 2 230 51 41 534 300 812 756 9 929 150 34 139 578 111 85 608 193 979 801 570 546 711 371 21 464 429 38 699 641 673 468 907 966 142 560 505 993 553 353 35 180 329 457 766 201 462 640 867 26 507 404 352 130 828 990 363 642 839 554 806 301 188 602 530 907 199 997 173 584 35 279 760 985 388 223 996 922 831
219 169 278 533 563 336 679 238 486 487 235 735 210 517 493 730 68 140 28 609 519 982 573 514 755 408 89 524 779 213 242 296 879 854 338 430 59 745 877 486 795 14 577 497 692 667 979 165 279 559 108 68 21 373 752 965 149 865 408 231 654 29 961 659 894 470 711 663 890 702 35 540 857 575 964 794 384 786 742 314 689 962 279 427 714 733 123 310 240 260 298 598 676 955 767 290 149 463 722 415
523 537 809 768 308 993 395 347 269 886 917 213 832 693 830 551 44 412 993 184 578 902 82 769 501 755 645 914 353 733 335 14 658 915 487 1 348 178 617 287 506 730 234 632 581 208 241 250 202 104 227 706 525 976 869 97 483 83 998 790 479 868 378 661 522 765 528 498 291 179 399 823 186 364 508 816 63 971 712 406 651 435 441 69 418 971 49 159 861 944 800 926 823 274 576 837 894 834 707 188
92 471 519 670 119 699 256 784 872 23 883 894 838 643 35 683 347 872 496 998 80 420 309 501 844 62 586 809 299 626 806 561 389 193 360 984 588 608 381 832 0 672 942 537 362 558 151 810 347 620 715 531 584 891 167 157 682 78 402 819 508 560 223 253 719 130 712 135 769 400 599 774 653 999 785 22 769 19 198 430 407 804 210 290 386 675 632 571 422 882 562 363 881 903 588 195 683 490 653 446
46 632 950 66 20 220 909 421 157 45 825 180 749 431 795 428 829 312 57 697 675 588 894 338 66 904 896 168 338 19 108 438 547 897 299 265 492 990 140 738 599 777 849 892 676 909 881 303 314 341 816 550 966 81 596 48 196 1 105 398 186 814 298 332 537 635 192 941 488 627 100 947 466 847 103 594 657 39 566 422 230 544 941 831 295 739 268 978 913 886 157 591 325 465 783 585 537 294 811 784
439 252 948 77 424 448 679 922 736 40 469 466 446 534 461 294 695 310 898 213 529 369 754 95 707 621 171 214 362 200 442 412 837 20 175 10 864 249 488 724 633 272 586 89 738 817 722 279 24 483 940 811 596 623 731 570 37 374 546 819 576 280 733 729 607 811 137 936 553 920 3 364 352 692 452 401 674 847 95 885 644 736 600 289 955 900 243 938 171 793 782 537 719 305 191 489 576 805 947 223
